#time=0.000000
kappa=0.000000
v1=33.300000
K1=0.220000
v2=14.000000
alpha=0.000000
v0=6.500000
K4=0.530000
D=1.000000
D_PTEN=0.750000
K2=15.500000
PIP2degradation=0.005000
K3=0.000000
printTime=1.000000
K5=13.300000
lambda=5.000000
tau=5.000000
perturbTime=-1.000000
